+25
-0
+44
-4
+10
-0
+8
-7
+255
-11
+1
-2
+293
-110
+1
-1
+42
-48
+58
-61
+25
-0
+44
-4
+10
-0
+8
-7
+255
-11
+1
-2
+293
-110
+1
-1
+42
-48
+58
-61
+16
-3
+100
-34
+66
-43
+16
-3
+0
-10
+9
-1
+10
-0
+53
-0
+18
-12
+131
-0
+98
-3
+58
-0
+7
-0
+47
-0
+1
-1
+33
-19
+32
-2
+70
-29
+47
-3
+94
-0
+45
-36
+43
-47
+55
-6
+63
-31
+56
-10
+67
-53
+53
-40
+13
-0
+0
-4
+17
-10
+8
-0
+10
-5
+4
-0
+28
-3
+13
-13
+124
-88
+1
-0
+13
-13
+6
-11
+7
-5
+5
-1
+44
-17
+28
-13
+34
-0
+38
-0
+72
-9
+39
-0
+2
-1
+46
-0
+12
-0
+72
-8
+19
-2
+11
-5
+43
-0
+10
-2
+31
-0
+80
-66
+24
-47
+47
-24
+35
-0
+16
-1
+0
-0
+23
-47
+59
-86
+280
-38
+47
-24
+6
-0
+53
-0
+21
-5
+8
-14
+208
-751
+60
-33
+116
-83
+100
-164
+31
-26
+2
-0
+57
-45
+6
-5
+13
-2
+23
-0
+16
-0
+16
-0
+22
-1
+0
-16
+16
-0
+22
-1
+8
-15
+10
-0
+37
-22
+1
-0
+38
-16
+13
-0
+77
-23
+3
-1
+2
-2
+3
-0
+9
-0
+39
-0
+10
-0
+29
-35
+0
-10
+10
-0
+32
-37
+0
-10
+2
-1
+1
-0
+10
-0
+3
-0
+17
-3
+1
-1
+6
-1
+28
-61
+16
-1
+60
-119
+3
-57
+3
-49
+41
-9
+3
-67
+52
-2
+173
-0
+132
-0
+10
-17
+3
-99
+3
-0
+1
-1
+111
-5
+33
-30
+1
-0
+64
-41
+129
-36
+3
-4
+197
-155
+84
-85
+67
-0
+37
-27
+72
-79
+64
-53
+363
-249
+105
-22
+30
-31
+93
-44
+152
-58
+31
-23
+147
-111
+155
-98
+22
-22
+94
-25
+26
-26
+36
-36
+20
-81
+32
-35
+26
-26
+4
-1
+2
-2
+6
-12
+4
-2
+5
-3
+84
-20
+59
-0
+202
-17
+15
-0
+1
-1
+21
-31
+13
-12
+23
-0
+60
-17
+9
-0
+1
-1
+3
-3
+44
-9
+55
-43
+1
-0
+72
-2
+4
-4
+21
-10
+42
-0
+38
-15
+1
-1
+1
-0
+3
-3
+223
-153
+375
-1
+98
-73
+4
-4
+190
-0
+117
-0
+1
-1
+23
-1
+58
-2
+156
-33
+81
-47
+152
-61
+201
-360
+3
-2
+256
-0
+63
-0
+45
-4
+1
-1
+12
-0
+74
-0
+37
-11
+18
-18
+62
-23
+28
-4
+16
-16
+14
-5
+17
-0
+32
-4
+198
-121
+13
-0
+111
-6
+2
-2
+30
-30
+12
-4
+69
-76
+140
-71
+23
-0
+4
-3
+14
-4
+7
-7
+86
-15
+45
-16
+205
-16
+4
-4
+46
-25
+3
-3
+14
-13
+26
-192
+14
-14
+27
-24
+15
-15
+8
-4
+19
-0
+11
-0
+27
-105
+32
-47
+5
-3
+174
-43
+1
-1
+24
-11
+34
-0
+5
-1
+8
-0
+24
-1
+1
-0
+1
-0
+1
-7
+55
-5
+56
-0
+15
-0
+106
-6
+31
-36
+21
-21
+90
-1
+102
-20
+114
-97
+39
-36
+17
-7
+1
-1
+6
-0
+10
-1
+15
-23
+33
-1
+3
-3
+59
-29
+2
-1
+10
-0
+55
-57
+81
-13
+32
-28
+16
-30
+4
-0
+1
-0
+5
-2
+1
-1
+108
-33
+1
-1
+1
-0
+11
-4
+18
-3
+3
-4
+0
-1
+14
-0
+2
-0
+2
-0
+2
-0
+44
-56
+9
-7
+25
-0
+2
-0
+18
-39
+24
-3
+29
-6
+9
-96
+4
-4
+36
-88
+16
-23
+2
-1
+38
-64
+4
-4
+44
-18
+2
-31
+134
-45
+38
-1
+2
-0
+31
-3
+3
-4
+66
-1
+4
-0
+5
-1
+20
-0
+11
-0
+25
-0
+11
-0
+56
-2
+47
-9
+22
-0
+5
-22
+24
-30
+3
-0
+92
-13
+23
-1
+3
-1
+2
-17
+2
-0
+10
-1
+8
-4
+5
-3
+37
-19
+103
-2
+1
-4
+12
-12
+56
-17
+1
-0
+30
-2
+4
-0
+5
-1
+1
-1
+4
-7
+4
-1
+42
-17
+14
-0
+56
-44
+41
-40
+22
-18
+59
-49
+3
-0
+85
-0
+3
-1
+2
-37
+64
-47
+133
-25
+39
-31
+110
-52
+2
-0
+27
-1
+0
-73
+55
-35
+0
-2
+2
-2
+20
-8
+25
-0
+1
-0
+1
-9
+1
-0
+38
-1
+9
-0
+31
-41
+161
-1
+50
-0
+2
-2
+0
-2
+9
-8
+17
-1
+5
-1
+12
-0
+12
-0
+24
-15
+75
-1
+61
-0
+61
-0
+28
-0
+77
-2
+69
-0
+101
-0
+80
-3
+380
-5
+185
-43
+197
-0
+0
-2
+0
-2
+5
-6
+40
-40
+32
-8
+4
-0
+19
-4
+16
-10
+52
-0
+14
-12
+29
-22
+0
-1
+2
-13
+74
-36
+106
-296
+2
-1
+23
-13
+34
-15
+24
-16
+42
-23
+40
-48
+224
-237
+24
-20
+5
-4
+34
-112
+18
-0
+6
-7
+28
-22
+0
-4
+109
-4
+16
-6
+0
-59
+5
-2
+53
-4
+1
-1
+28
-38
+51
-71
+56
-151
+30
-246
+3
-2
+4
-8
+1
-1
+6
-2
+44
-156
+7
-8
+3
-1
+107
-41
+82
-32
+8
-8
+1
-1
+0
-1
+10
-11
+16
-15
+4
-2
+14
-14
+72
-5
+8
-0
+5
-1
+11
-1
+51
-2
+51
-25
+9
-9
+8
-0
+139
-13
+7
-5
+48
-41
+122
-76
+19
-18
+3
-0
+14
-5
+2
-5
+42
-11
+29
-1
+9
-0
+1
-1
+47
-67
+30
-1
+13
-1
+5
-27
+2
-2
+12
-0
+4
-2
+9
-0
+17
-3
+17
-0
+17
-0
+11
-4
+19
-626
+21
-1
+1
-1
+10
-0
+483
-151
+18
-2
+4
-1
+25
-240
+410
-34
+19
-8
+35
-125
+58
-2
+435
-13
+19
-14
+123
-326
+30
-7
+99
-18
+122
-81
+3
-1
+48
-76
+45
-48
+2
-16
+1
-0
+5
-682
+18
-12
+11
-0
+7
-0
+1
-1
+65
-144
+72
-9
+49
-120
+0
-8
+10
-88
+72
-124
+0
-3
+77
-23
+28
-22
+0
-2
+114
-29
+6
-0
+5
-1
+4
-11
+66
-23
+5
-11
+1
-1
+36
-0
+53
-0
+373
-471
+2
-2
+2
-2
+56
-7
+19
-0
+9
-2
+2
-0
+15
-3
+56
-12
+8
-2
+9
-1
+2
-4
+7
-0
+4
-2
+43
-0
+184
-40
+1
-2
+102
-0
+47
-1
+44
-126
+2923
-0
+131
-136
+38
-28
+107
-1
+1
-0
+26
-26
+2
-0
+31
-5
+6
-21
+153
-15
+111
-1
+0
-33
+3
-5
+39
-0
+15
-5
+2
-2
+5
-1
+2
-2
+5
-5
+2
-2
+8
-0
+2
-0
+29
-6
+53
-20
+1
-0
+11
-1
+3
-6
+215
-167
+2
-0
+4
-8
+48
-0
+12
-2
+3
-6
+6
-1
+2
-0
+1
-0
+258
-192
+17
-15
+14
-14
+197
-17
+47
-8
+10
-10
+212
-182
+9
-0
+21
-0
+8
-0
+127
-3
+37
-12
+11
-1
+12
-0
+3
-0
+17
-18
+5
-4
+2
-1
+1
-0
+218
-170
+18
-17
+28
-18
+18
-17
+36
-36
+1
-0
+3
-17
+112
-83
+0
-8
+13
-4
+14
-1
+199
-15
+39
-10
+108
-1
+6
-4
+15
-13
+13
-13
+411
-278
+31
-26
+35
-0
+4
-0
+1
-1
+26
-5
+240
-17
+373
-330
+129
-117
+151
-118
+171
-48
+6
-2
+34
-2
+3
-1
+64
-2
+4
-5
+23
-21
+54
-11
+11
-0
+271
-10
+46
-8
+6
-0
+25
-0
+1100
-560
+389
-37
+214
-81
+0
-5
+135
-48
+1
-1
+0
-0
+108
-93
+7
-2
+1
-1
+30
-5
+35
-11
+64
-35
+79
-14
+119
-13
+1
-1
+18
-37
+51
-102
+40
-24
+87
-155
+27
-26
+101
-122
+33
-35
+153
-46
+122
-28
+378
-113
+222
-51
+247
-162
+308
-112
+176
-123
+562
-93
+484
-149
+69
-65
+69
-42
+4
-4
+122
-25
+115
-23
+39
-7
+18
-13
+127
-55
+11
-10
+1
-1
+81
-30
+8
-1
+9
-0
+101
-159
+736
-1
+12
-0
+1
-0
+72
-26
+25
-12
+12
-5
+15
-5
+25
-2
+16
-10
+2
-2
+4
-2
+33
-66
+55
-55
+55
-55
+13
-1
+55
-55
+2
-1
+713
-722
+12
-0
+0
-8
+57
-32
+26
-25
+125
-7
+25
-25
+2
-1
+62
-0
+18
-0
+69
-49
+52
-22
+18
-1
+4
-0
+121
-28
+32
-1
+29
-0
+16
-0
+37
-0
+23
-19
+105
-0
+9
-1
+2
-3
+15
-9
+16
-40
+257
-117
+90
-34
+9
-5
+10
-1
+9
-2
+3
-2
+23
-3
+3
-1
+198
-41
+3
-0
+32
-5
+13
-0
+5
-1
+10
-0
+13
-41
+1
-0
+15
-16
+5
-29
+475
-93
+18
-5
+2841
-207
+731
-2696
+53
-0
+15
-5
+4
-5
+5
-4
+8
-7
+1
-1
+4
-6
+8
-5
+22
-83
+2
-8
+0
-96
+14
-2661
+20
-0
+21
-0
+7
-13
+11
-13
+174
-72
+42
-34
+11
-0
+155
-70
+20
-17
+56
-38
+0
-86
+84
-87
+1
-0
+1
-1
+60
-35
+10
-7
+32
-34
+14
-0
+23
-11
+3
-5
+2
-1
+13
-0
+1
-1
+35
-33
+2
-1
+3
-0
+2
-6
+23
-0
+1
-1
+11
-7
+2
-0
+72
-1
+11
-4
+40
-4
+2
-4
+142
-5
+52
-6
+10
-9
+5
-1
+21
-23
+10
-2
+5
-1
+56
-46
+786
-470
+77
-44
+9
-8
+134
-32
+653
-162
+54
-0
+402
-0
+2561
-7
+260
-12
+12
-12
+15
-13
+11
-11
+4
-9
+7
-2
+11
-10
+11
-10
+1
-0
+281
-43
+7
-0
+1
-0
+2
-0
+22
-11
+86
-3
+3
-0
+6
-0
+10
-1
+212
-69
+113
-1
+23
-0
+117
-3
+20
-18
+5
-1
+1
-0
+9
-1
+47
-5
+28
-1
+1
-1
+1
-1
+9
-0
+3
-0
+25
-7
+3
-1
+21
-4
+4
-0
+12
-0
+3
-1
+5
-81
+80
-0
+40
-34
+225
-131
+1
-1
+113
-17
+14
-5
+16
-9
+177
-80
+46
-27
+93
-49
+18
-16
+8
-2
+107
-71
+44
-59
+344
-64
+1
-1
+94
-27
+88
-1
+29
-7
+75
-2
+101
-16
+420
-348
+37
-22
+4
-0
+3
-2
+106
-366
+73
-4
+10
-0
+335
-373
+578
-88
+224
-2
+53
-38
+5
-2
+284
-5
+5
-2
+89
-7
+568
-36
+64
-0
+28
-24
+173
-10
+488
-34
+47
-10
+18
-10
+4
-0
+15
-5
+93
-171
+536
-1
+24
-0
+172
-17
+1283
-1
+217
-96
+3
-4
+322
-53
+1
-1
+84
-23
+277
-105
+39
-70
+42
-15
+504
-130
+260
-100
+545
-1
+529
-197
+631
-1
+482
-15
+174
-1
